[[1.0],
 [1.0],
 [0.12435185185185185],
 [0.10840740740740741],
 [0.10147222222222221],
 [0.09710925925925926],
 [0.09393888888888889],
 [0.0914611111111111],
 [0.08936481481481481],
 [0.0875574074074074],
 [0.08604814814814815],
 [0.0846611111111111],
 [0.0834037037037037],
 [0.08232407407407408],
 [0.08131111111111111],
 [0.08045],
 [0.07956666666666666],
 [0.07875925925925926],
 [0.07797777777777778],
 [0.0772962962962963],
 [0.07658888888888889],
 [0.07592592592592592],
 [0.0753074074074074],
 [0.07473518518518518],
 [0.07417777777777779],
 [0.07367962962962964],
 [0.07320925925925927],
 [0.07276851851851852],
 [0.07232592592592592],
 [0.07188703703703703],
 [0.0714925925925926],
 [0.07109074074074073],
 [0.07067592592592592],
 [0.07027962962962964],
 [0.0699074074074074],
 [0.06956851851851852],
 [0.06919074074074073],
 [0.06885555555555556],
 [0.06851851851851852],
 [0.0681962962962963],
 [0.06785740740740741],
 [0.06754444444444445],
 [0.0672537037037037],
 [0.06696481481481481],
 [0.06664629629629629],
 [0.06632222222222221],
 [0.0660425925925926],
 [0.06575555555555555],
 [0.06548518518518519],
 [0.0651888888888889],
 [0.06491111111111111],
 [0.06466296296296296],
 [0.06440370370370371],
 [0.06417037037037036],
 [0.06393333333333334],
 [0.06370555555555556],
 [0.0637037037037037],
 [0.06343518518518519],
 [0.06320925925925926],
 [0.06295],
 [0.06273148148148147],
 [0.06251481481481481],
 [0.062277777777777786],
 [0.062094444444444445],
 [0.06202962962962963],
 [0.06182037037037037],
 [0.06162962962962963],
 [0.06142777777777778],
 [0.061255555555555556],
 [0.06121481481481481],
 [0.06096666666666666],
 [0.06073333333333334],
 [0.060612962962962966],
 [0.06054074074074074],
 [0.060261111111111106],
 [0.06011851851851852],
 [0.06007037037037037],
 [0.05984444444444444],
 [0.059724074074074075],
 [0.0596074074074074],
 [0.05939074074074074],
 [0.05938148148148148],
 [0.059201851851851846],
 [0.059138888888888894],
 [0.05898888888888889],
 [0.05888148148148148],
 [0.05876296296296297],
 [0.058640740740740736],
 [0.0585425925925926],
 [0.05845],
 [0.05834629629629629],
 [0.058268518518518525],
 [0.058122222222222214],
 [0.0581],
 [0.05793333333333334],
 [0.05789629629629629],
 [0.05778518518518518],
 [0.057696296296296294],
 [0.057664814814814815],
 [0.05753333333333334],
 [0.05747962962962963],
 [0.05740185185185185],
 [0.05726481481481482],
 [0.0572074074074074],
 [0.05714814814814815],
 [0.05702777777777778],
 [0.056988888888888894],
 [0.05693888888888889],
 [0.05683703703703703],
 [0.056774074074074074],
 [0.05674814814814815],
 [0.05665925925925926],
 [0.05656296296296297],
 [0.05653703703703703],
 [0.05647962962962963],
 [0.056385185185185184],
 [0.056294444444444446],
 [0.05628518518518519],
 [0.05619074074074074],
 [0.05610925925925926],
 [0.056016666666666666],
 [0.056],
 [0.055935185185185185],
 [0.055855555555555554],
 [0.05578148148148148],
 [0.05572592592592592],
 [0.05569814814814815],
 [0.05561851851851852],
 [0.05555],
 [0.05545555555555556],
 [0.055427777777777784],
 [0.055398148148148155],
 [0.05532222222222222],
 [0.05525185185185185],
 [0.05517592592592593],
 [0.05512222222222222],
 [0.05510925925925926],
 [0.05502962962962963],
 [0.05495925925925926],
 [0.05489629629629629],
 [0.05481111111111111],
 [0.05477592592592592],
 [0.05474444444444444],
 [0.054677777777777783],
 [0.05458518518518519],
 [0.0545],
 [0.05442037037037037],
 [0.05437777777777778],
 [0.05435370370370371],
 [0.05429814814814815],
 [0.05420925925925926],
 [0.05413333333333334],
 [0.054064814814814816],
 [0.054009259259259264],
 [0.053987037037037035],
 [0.05393333333333334],
 [0.0538574074074074],
 [0.05377962962962963],
 [0.053698148148148155],
 [0.05362037037037037],
 [0.053564814814814815],
 [0.053503703703703706],
 [0.0534925925925926],
 [0.0534],
 [0.05331851851851852],
 [0.05325],
 [0.05316666666666666],
 [0.0530925925925926],
 [0.053003703703703706],
 [0.05293333333333334],
 [0.05292777777777778],
 [0.05282407407407408],
 [0.052725925925925926],
 [0.052612962962962966],
 [0.0525074074074074],
 [0.05238703703703703],
 [0.05226851851851852],
 [0.052144444444444445],
 [0.05202962962962963],
 [0.05198888888888889],
 [0.051837037037037036],
 [0.051666666666666666],
 [0.05147962962962963],
 [0.05131666666666666],
 [0.05112407407407408],
 [0.05093333333333333],
 [0.0506462962962963],
 [0.050381481481481485],
 [0.05025740740740741],
 [0.05001111111111111],
 [0.04955],
 [0.04887407407407408],
 [0.04783703703703704],
 [0.045],
 [0.0],
 [0.0],
 [0.0],
 [0.0],
 [0.0],
 [0.0]]