[[0.0],
 [0.0],
 [0.6829833333333333],
 [0.7051000000000001],
 [0.7154],
 [0.7215333333333334],
 [0.7271333333333334],
 [0.7313833333333333],
 [0.7349666666666667],
 [0.7379166666666667],
 [0.7409833333333333],
 [0.7433833333333333],
 [0.7454833333333333],
 [0.7474333333333334],
 [0.7491666666666666],
 [0.7506333333333334],
 [0.7521166666666667],
 [0.7533333333333334],
 [0.7545999999999999],
 [0.7558],
 [0.7567833333333334],
 [0.7581333333333333],
 [0.7589666666666667],
 [0.7601833333333333],
 [0.7612333333333333],
 [0.7621333333333333],
 [0.76295],
 [0.7640833333333333],
 [0.7651],
 [0.7658],
 [0.76635],
 [0.7670333333333333],
 [0.7679333333333334],
 [0.7686999999999999],
 [0.7695333333333334],
 [0.7703166666666666],
 [0.7709333333333334],
 [0.7716333333333334],
 [0.7721833333333333],
 [0.7727166666666667],
 [0.7732],
 [0.7737666666666667],
 [0.7744666666666666],
 [0.7750666666666667],
 [0.7756000000000001],
 [0.7762166666666667],
 [0.77675],
 [0.7773166666666667],
 [0.7778166666666666],
 [0.7784666666666666],
 [0.7789],
 [0.7794833333333333],
 [0.7799],
 [0.7803166666666667],
 [0.7809333333333334],
 [0.7815166666666666],
 [0.7815166666666666],
 [0.7820833333333334],
 [0.7823833333333333],
 [0.7827500000000001],
 [0.7832],
 [0.7838666666666667],
 [0.7843166666666667],
 [0.7847166666666666],
 [0.7848666666666666],
 [0.7853],
 [0.7856666666666666],
 [0.7861333333333334],
 [0.78645],
 [0.7866166666666666],
 [0.7870833333333334],
 [0.7874666666666666],
 [0.7876833333333333],
 [0.7878499999999999],
 [0.7883166666666667],
 [0.7887],
 [0.7888666666666666],
 [0.7893166666666667],
 [0.78945],
 [0.7896833333333333],
 [0.7901666666666667],
 [0.7902166666666667],
 [0.7908333333333334],
 [0.791],
 [0.7912333333333333],
 [0.7915166666666666],
 [0.7917],
 [0.7919833333333334],
 [0.7922],
 [0.7923833333333333],
 [0.7925666666666666],
 [0.7927166666666666],
 [0.7930833333333334],
 [0.7931],
 [0.79345],
 [0.7935166666666666],
 [0.7937833333333333],
 [0.7940666666666667],
 [0.7940833333333334],
 [0.7944166666666667],
 [0.79455],
 [0.7946333333333333],
 [0.7948666666666666],
 [0.795],
 [0.7952166666666667],
 [0.7955166666666666],
 [0.7956166666666666],
 [0.79575],
 [0.7959166666666666],
 [0.7960166666666667],
 [0.7960833333333334],
 [0.7962166666666667],
 [0.7964166666666667],
 [0.7965166666666667],
 [0.7966],
 [0.7968166666666667],
 [0.7970333333333333],
 [0.79705],
 [0.7972333333333333],
 [0.7973833333333333],
 [0.7975],
 [0.79755],
 [0.7978000000000001],
 [0.7980666666666667],
 [0.79825],
 [0.7984166666666667],
 [0.7984666666666667],
 [0.7986],
 [0.7988666666666666],
 [0.7990666666666667],
 [0.7991666666666667],
 [0.7992666666666667],
 [0.7994333333333333],
 [0.7996333333333333],
 [0.79985],
 [0.7998833333333333],
 [0.7999499999999999],
 [0.8000833333333333],
 [0.8002333333333334],
 [0.8004666666666667],
 [0.8006333333333333],
 [0.80075],
 [0.8008166666666667],
 [0.8010333333333333],
 [0.8011833333333334],
 [0.8015],
 [0.8016666666666666],
 [0.8017833333333333],
 [0.8018333333333333],
 [0.8019166666666666],
 [0.8020666666666667],
 [0.8022166666666667],
 [0.8023833333333333],
 [0.8025666666666667],
 [0.8026166666666666],
 [0.8027166666666666],
 [0.8029166666666667],
 [0.8030666666666667],
 [0.8031833333333334],
 [0.8033166666666667],
 [0.8035166666666667],
 [0.8036],
 [0.80365],
 [0.80385],
 [0.8039833333333333],
 [0.8041333333333334],
 [0.8043833333333333],
 [0.8046333333333333],
 [0.8048666666666666],
 [0.8050666666666667],
 [0.8051],
 [0.8053833333333333],
 [0.80565],
 [0.8059333333333334],
 [0.8062333333333334],
 [0.8065333333333333],
 [0.8067],
 [0.8069500000000001],
 [0.8071166666666667],
 [0.8072833333333334],
 [0.80755],
 [0.8080499999999999],
 [0.8083166666666667],
 [0.80875],
 [0.80925],
 [0.8098166666666666],
 [0.8103666666666667],
 [0.81125],
 [0.81155],
 [0.8119833333333333],
 [0.813],
 [0.8144666666666667],
 [0.8173666666666667],
 [0.8242],
 [1.0],
 [1.0],
 [1.0],
 [1.0],
 [1.0],
 [1.0]]